3.21
3.13
3.06
3.00
3.30
3.24
3.18
3.23
3.33
3.32
3.31
3.26
3.21
3.20
3.15
3.23
3.19
3.15
3.26
3.32
3.28
3.24
3.23
3.19
3.15
3.12
3.19
3.22
3.18
3.26
3.23
3.23
3.19
3.19
3.18
3.23
3.20
3.17
3.17
3.19
3.30
3.27
3.27
3.26
3.26
3.28
3.28
3.33
3.40
3.50
3.53
3.54
3.57
3.55
3.52
3.52
3.56
3.55
3.53
3.50
3.50
3.48
3.45
3.43
3.42
3.40
3.38
3.36
3.35
3.42
3.41
3.39
3.37
3.40
3.45
3.43
3.42
3.40
3.43
3.46
3.46
3.48
3.49
3.50
3.50
3.51
3.52
3.50
3.48
3.48
3.53
3.51
3.49
3.51
3.49
3.53
3.52
3.63
3.63
3.61
3.62
3.60
3.59
3.58
3.57
2.00
2.00
1.60
1.43
1.33
1.85
2.84
3.08
2.96
3.47
3.33
3.30
3.18
3.17
3.09
3.09
3.26
3.55
3.69
3.58
3.54
3.67
3.69
3.61
3.54
3.63
3.69
3.72
3.81
3.73
3.67
3.60
3.54
3.48
3.43
3.53
3.48
3.43
3.45
3.41
3.37
3.40
3.38
3.34
3.80
3.76
3.72
4.00
3.96
4.00
3.96
4.01
3.97
3.93
3.89
3.85
3.91
3.92
3.88
1.00
1.00
1.00
2.00
2.00
2.27
2.12
2.00
2.00
2.74
2.90
3.06
2.94
2.87
2.78
1.00
1.00
2.33
2.60
5.00
4.56
4.20
3.91
3.93
4.14
3.94
4.85
4.86
4.95
4.93
4.77
4.61
4.47
4.34
4.22
4.18
4.07
4.15
4.24
4.14
4.05
4.00
3.92
4.03
3.95
3.91
3.91
3.98
4.02
4.04
3.98
4.00
4.02
4.33
4.38
4.41
4.42
4.42
4.37
4.35
4.29
4.24
4.19
4.14
4.11
4.27
4.22
4.22
4.17
4.23
4.20
4.19
4.15
4.12
4.08
4.05
4.07
4.09
4.09
4.14
4.12
4.08
4.14
4.17
4.13
4.18
4.19
4.17
4.20
4.16
4.13
4.13
4.10
4.10
4.10
4.07
4.04
4.04
4.06
4.03
4.01
3.98
4.00
4.01
3.98
3.96
3.93
3.91
3.89
3.89
3.95
3.98
3.95
3.95
3.93
3.91
3.89
7.00
4.00
3.14
2.67
2.36
3.57
3.25
3.00
2.80
3.48
3.76
3.56
3.38
3.00
3.00
2.33
3.00
2.60
5.16
4.76
5.44
5.11
4.84
4.59
4.42
4.24
4.22
4.12
4.00
3.89
3.83
3.74
3.76
3.91
3.83
3.75
3.71
3.64
3.66
3.60
3.54
4.00
5.00
4.00
4.55
4.00
3.60
3.76
3.62
3.39
3.33
3.19
3.07
3.31
3.29
3.17
3.05
2.98
3.16
3.09
3.00
3.00
2.93
3.02
3.09
3.15
3.26
3.20
3.14
3.13
3.09
3.08
3.06
3.06
3.02
1.00
4.00
3.14
2.67
2.36
2.29
2.24
2.96
2.80
2.00
4.00
3.25
4.00
4.12
3.78
4.08
3.85
3.66
3.60
3.69
3.53
3.57
3.44
3.33
3.68
4.19
4.34
4.21
4.10
4.00
3.91
3.82
3.80
3.72
6.00
5.00
5.50
4.60
4.00
4.00
3.70
3.45
3.58
3.38
3.21
3.10
3.44
3.66
3.84
3.69
3.57
2.00
4.00
3.25
2.80
5.26
4.86
4.87
2.00
1.00
2.33
2.22
2.46
2.38
2.32
2.19
2.32
2.60
2.55
1.00
2.00
1.60
1.43
1.60
3.41
3.16
3.00
3.36
3.21
3.47
3.31
4.06
4.05
4.19
4.05
3.91
3.80
3.69
2.00
1.00
1.00
2.33
2.00
2.00
2.27
2.70
2.96
2.86
3.49
3.37
3.37
3.25
3.78
3.78
3.91
4.04
4.90
1.00
4.00
8.12
7.44
7.50
7.07
6.94
7.03
6.65
6.57
6.27
6.35
6.35
6.12
5.88
5.85
5.67
5.51
5.46
5.30
5.17
5.06
1.00
2.00
1.60
2.22
2.00
5.33
4.96
4.62
4.40
1.00
1.00
1.60
3.45
4.00
4.00
3.70
3.58
3.54
3.64
3.48
3.75
3.60
3.46
3.54
3.41
3.38
3.28
3.18
3.12
3.05
3.13
3.12
2.00
4.00
4.75
4.46
4.00
3.65
3.40
3.77
3.57
3.50
3.37
3.24
3.15
3.07
4.19
4.26
4.36
4.31
4.27
4.16
4.06
4.06
4.23
4.14
4.25
4.18
4.15
4.17
4.27
4.21
4.14
4.20
4.22
4.15
4.08
4.14
4.16
4.10
4.19
4.13
4.07
4.27
4.32
4.26
4.29
4.29
4.23
4.26
4.26
4.21
4.24
4.28
4.23
4.21
4.21
4.17
4.16
4.19
4.21
4.17
4.13
4.14
4.14
4.17
4.22
4.18
4.16
4.13
4.13
4.25
4.21
4.21
4.18
4.14
